times
0.0	945.0	1952.0	1235.0	1284.0	1657.0	1855.0	1643.0	1179.0	1676.0	
1132.0	0.0	2159.0	542.0	880.0	1262.0	1414.0	2041.0	1388.0	1281.0	
2083.0	1854.0	0.0	2083.0	2023.0	1183.0	1243.0	1015.0	1257.0	1202.0	
1295.0	531.0	2096.0	0.0	809.0	1199.0	1351.0	2224.0	1499.0	1218.0	
1231.0	841.0	2112.0	652.0	0.0	1215.0	1367.0	2084.0	1602.0	1234.0	
1860.0	1343.0	1230.0	1284.0	1224.0	0.0	485.0	1358.0	1643.0	286.0	
1818.0	1414.0	1196.0	1355.0	1295.0	455.0	0.0	942.0	1609.0	472.0	
1780.0	1857.0	998.0	2197.0	2054.0	1297.0	916.0	0.0	1470.0	1316.0	
1305.0	1075.0	1369.0	1435.0	1503.0	1726.0	1761.0	1541.0	0.0	1744.0	
1923.0	1397.0	1284.0	1338.0	1278.0	337.0	464.0	1347.0	1697.0	0.0	


distances
0.0	12732.0	33731.0	13247.0	10902.0	27746.0	10761.0	9473.0	17033.0	27645.0	
8965.0	0.0	41754.0	3696.0	10501.0	23982.0	25530.0	21509.0	24923.0	23881.0	
33816.0	36803.0	0.0	33868.0	31515.0	16137.0	8343.0	6657.0	21479.0	16035.0	
13477.0	6991.0	38703.0	0.0	6640.0	20931.0	22479.0	26816.0	26215.0	20829.0	
10043.0	6646.0	36787.0	5440.0	0.0	19015.0	20563.0	12509.0	24805.0	18913.0	
30197.0	24686.0	21236.0	21798.0	19445.0	0.0	5011.0	9349.0	35719.0	2773.0	
10293.0	25377.0	19203.0	22490.0	20136.0	4758.0	0.0	4837.0	33687.0	3049.0	
10038.0	19131.0	6740.0	31896.0	13151.0	14165.0	5088.0	0.0	20649.0	14063.0	
17368.0	20355.0	20219.0	25585.0	23294.0	33923.0	32800.0	8865.0	0.0	33821.0	
11818.0	24530.0	21080.0	21642.0	19288.0	2875.0	2417.0	6755.0	35563.0	0.0	


coordinates
45.501913216243466	9.155222881632804	
45.550232815152036	9.152804581348386	
45.4187544049165	9.206060019273268	
45.55670993961031	9.171875417349582	
45.53488075386973	9.20326483947245	
45.47780713078617	9.260642088894485	
45.46069866394345	9.231833953931792	
45.45608088129104	9.192347383467249	
45.446181189966836	9.101158599248086	
45.476849555980465	9.241449960588554	


