times
0.0	1461.0	1491.0	254.0	583.0	2504.0	1084.0	1814.0	1078.0	1530.0	
1662.0	0.0	710.0	1658.0	1035.0	1558.0	672.0	1245.0	975.0	731.0	
1719.0	673.0	0.0	1437.0	1372.0	1848.0	1025.0	1569.0	977.0	159.0	
396.0	1418.0	1329.0	0.0	555.0	2341.0	1040.0	1987.0	899.0	1367.0	
684.0	989.0	1455.0	715.0	0.0	2297.0	611.0	1726.0	594.0	1476.0	
2651.0	1678.0	1926.0	2369.0	2385.0	0.0	1979.0	1064.0	2264.0	1988.0	
1088.0	679.0	1147.0	1119.0	461.0	2052.0	0.0	1481.0	726.0	1168.0	
1868.0	1258.0	1526.0	1899.0	1772.0	1026.0	1367.0	0.0	2037.0	1588.0	
1288.0	986.0	1053.0	1068.0	671.0	2207.0	771.0	1927.0	0.0	1073.0	
1719.0	731.0	86.0	1437.0	1429.0	1851.0	1082.0	1636.0	1034.0	0.0	


distances
0.0	9211.0	23048.0	2095.0	3712.0	37810.0	6686.0	10740.0	7833.0	23092.0	
10433.0	0.0	5664.0	19535.0	6319.0	9018.0	4116.0	7550.0	6769.0	5585.0	
23767.0	5592.0	0.0	20949.0	9878.0	15323.0	7701.0	14411.0	7607.0	1160.0	
2925.0	11240.0	21068.0	0.0	6087.0	35829.0	8714.0	12100.0	8251.0	21111.0	
4278.0	5886.0	10212.0	4974.0	0.0	12946.0	3360.0	10441.0	4413.0	10134.0	
38728.0	8783.0	14964.0	35910.0	12834.0	0.0	10482.0	4995.0	37825.0	15380.0	
6608.0	4056.0	8394.0	7303.0	2494.0	11126.0	0.0	8622.0	4609.0	8315.0	
10283.0	7199.0	14425.0	10978.0	10364.0	4900.0	8012.0	0.0	12479.0	14841.0	
9110.0	6563.0	7847.0	12540.0	5128.0	32254.0	4952.0	12120.0	0.0	7769.0	
23631.0	5916.0	524.0	20813.0	10202.0	23768.0	8024.0	14986.0	7930.0	0.0	


coordinates
45.501913216243466	9.155222881632804	
45.44024243716755	9.145399484450143	
45.41777333054798	9.111087436038954	
45.50921341051977	9.142875341278286	
45.4822970524351	9.144338226089111	
45.41793192070644	9.23237611233323	
45.46273665677905	9.149395753158474	
45.45580455396969	9.22227285839613	
45.471194552193744	9.107626651052131	
45.4201959056233	9.109718642098398	


